0,385
0,384
0,243
25,1
25,3
27,49
27,48
27,47
27,46
27,45
27,44
27,43
27,42
27,41
27,40
27,39
27,38
27,37
27,36
27,35
28,3
28,2
0,9
28,1
28,0
24,1
24,3
10,141
10,222
10,198
10,99
10,152
10,100
10,104
11,17
11,10
11,9
9,7
8,12
8,17
20,3
20,2
20,1
19,3
19,2
19,1
12,3
12,2
12,1
11,28
11,27
11,26
11,25
11,24
11,23
11,22
11,21
11,20
11,19
11,18
11,15
11,12
11,8
11,6
11,4
11,3
11,2
11,1
10,302
10,301
10,300
10,299
10,298
10,297
10,296
10,295
18,1
10,294
10,293
10,292
10,291
10,290
10,289
10,288
10,287
10,286
10,285
